0.261828
0.173318
0.131552
0.115316
0.111341
0.111419
0.110815
0.107386
0.100907
0.0924783
0.0839063
0.0770955
0.0734134
0.073179
0.0754755
0.0784946
0.0803162
0.0798084
0.0771928
0.0740082
0.0724357
0.0742717
0.0800034
0.0884704
0.0973472
0.10423
0.107746
0.108032
0.106399
0.10446
0.103313
0.103149
0.103373
0.1031
0.101815
0.0998136
0.0980484
0.0973909
0.0978538
0.0985088
0.0982456
0.0967107
0.0945579
0.0928224
0.0920823
0.0922174
0.0929155
0.0943015
0.0969942
0.10149
0.107469
0.113687
0.118573
0.121029
0.120812
0.118355
0.114323
0.109283
0.103521
0.0969601
0.089207
0.0799304
0.0695014
0.0594758
0.052373
0.050708
0.0558003
0.0671117
0.0824932
0.0991677
0.114918
0.128912
0.141775
0.154847
0.16897
0.183496
0.196096
0.2035
0.202679
0.191803
0.17059
0.14007
0.102078
0.0587924
0.0125167
-0.0342538
-0.0786032
-0.116992
-0.145277
-0.15901
-0.153992
-0.126906
-0.0758264
-0.000450909
0.0979023
0.216185
0.349054
0.487834
0.619741
0.728445
0.79675
0.810731
0.763606
0.657282
0.501036
0.30835
0.0939324
-0.127962
-0.34382
-0.540653
-0.705751
-0.826646
-0.891415
-0.889756
-0.81505
-0.666832
-0.452528
-0.187487
0.106641
0.404479
0.679737
0.908132
1.07046
1.1554
1.16111
1.09449
0.968146
0.796543
0.59349
0.372086
0.146275
-0.0683445
-0.255741
-0.40227
-0.499157
-0.543433
-0.537285
-0.486792
-0.400671
-0.289179
-0.163038
-0.0325044
0.0931849
0.205901
0.298587
0.365554
0.403304
0.411502
0.393426
0.355409
0.305379
0.251126
0.199005
0.153374
0.11664
0.0895773
0.0717139
0.0617254
0.0578298
0.0581135
0.0607753
0.0643451
0.0679438
0.0714671
0.0754714
0.0806748
0.0873052
0.0947051
0.101436
0.105798
0.106439
0.10281
0.0953537
0.0854786
0.0753061
0.0671761
0.0629396
0.063293
0.0674788
0.0736335
0.0796606
0.0842219
0.0872588
0.0897939
0.0931257
0.0979639
0.103986
0.11007
0.11497
0.117998
0.11931
0.119683
0.120052
0.121069
0.122904
0.125177
0.126977
0.126978
0.123882
0.117128
0.107564
0.0974494
0.0896038
0.0860768
0.087178
0.0913837
0.0960938
0.0986977
0.0974982
0.0921985
0.0839263
0.0747775
0.0670878
0.0626979
0.0625475
0.0666463
0.0743071
0.0844195
0.0956805
0.106771
0.116499
0.123934
0.128532
0.130244
0.129513
0.127088
0.123699
0.119807
0.115597
0.11126
0.107464
0.105968
0.110519
0.128185
0.171389
0.261
0.431371
